hw1_dataset/train/000000000000.jpg 0,752,176,995,1 126,738,557,922,1 10,845,212,978,1 490,486,698,609,1 665,265,767,320,1 541,933,767,1023,1
hw1_dataset/train/000000000001.jpg 106,442,175,640,4 638,490,678,672,0 625,107,765,187,0 818,419,830,499,0 811,24,942,81,0 860,450,904,495,0 627,690,651,735,0 894,515,943,560,0 586,135,628,168,0 514,587,555,617,0 465,407,503,432,0 503,390,531,412,0
hw1_dataset/train/000000000002.jpg 91,392,571,823,3 67,332,127,397,3 615,117,755,187,3
hw1_dataset/train/000000000003.jpg 71,536,384,823,0 307,382,504,569,0 515,190,562,240,0 233,267,296,314,0 310,119,359,163,0 105,66,173,104,0
hw1_dataset/train/000000000004.jpg 0,768,71,875,6 396,482,578,584,6 241,479,392,573,6 307,122,472,184,4 461,412,569,470,6 185,217,307,268,4 658,260,722,310,4 436,24,521,69,0 459,9,539,51,0 508,10,593,49,0 601,28,667,67,0 277,9,315,47,0 540,65,591,96,0 573,0,631,26,0 493,186,569,230,4
hw1_dataset/train/000000000005.jpg 35,504,394,844,5 540,371,742,641,5
hw1_dataset/train/000000000006.jpg 424,517,667,643,3 458,257,563,356,3 610,261,672,348,3 662,254,710,340,3 552,262,586,334,3 105,258,153,328,3 357,226,401,295,3 670,123,720,189,3 714,137,762,199,3 185,266,216,327,3 219,260,272,316,3 66,322,135,360,3
hw1_dataset/train/000000000007.jpg 423,284,469,376,3 373,292,416,380,3 671,185,729,268,3 305,296,347,375,3 184,520,392,596,3 444,177,466,242,3 349,195,382,259,3 82,271,142,328,3 403,181,444,238,3 255,326,303,378,3 574,30,612,73,3 53,345,111,398,3
hw1_dataset/train/000000000008.jpg 302,410,534,730,5
hw1_dataset/train/000000000009.jpg 225,422,295,529,2 217,427,244,523,2 562,503,604,567,2 669,520,745,580,2 0,502,38,562,2 532,515,578,565,2 418,475,456,525,2 378,485,423,533,2 335,476,373,518,2 424,648,566,683,2 52,502,70,531,2 38,496,53,529,2
hw1_dataset/train/000000000010.jpg 441,70,576,362,0 397,253,470,389,0 125,531,206,666,0 536,543,625,637,0 350,44,424,122,0 313,0,417,64,0 640,357,722,417,0 232,660,360,704,0 59,253,93,318,0
hw1_dataset/train/000000000011.jpg 219,230,689,445,0
hw1_dataset/train/000000000012.jpg 26,101,146,226,1 54,663,162,782,1 564,438,671,543,1 6,383,116,477,1 266,675,391,764,1 172,835,239,924,1 37,465,143,548,1 276,503,367,585,1 650,251,764,332,1 303,851,406,924,1 420,917,503,986,1 56,904,167,972,1 345,511,452,574,1 193,542,294,594,1 438,530,527,576,1
hw1_dataset/train/000000000013.jpg 473,429,529,521,2 0,630,95,720,2 192,408,236,484,2 585,445,631,518,2 222,417,246,475,2 246,425,276,474,2 47,433,89,482,2 93,435,126,481,2 150,410,177,454,2 226,372,254,416,2 126,400,161,440,2 0,439,31,479,2 355,672,474,774,2
hw1_dataset/train/000000000014.jpg 347,571,725,983,4 172,359,547,583,6 416,75,546,232,6 677,565,767,689,0 224,675,331,753,6 259,755,356,811,0
hw1_dataset/train/000000000015.jpg 199,424,540,776,0
hw1_dataset/train/000000000016.jpg 200,322,365,664,6
hw1_dataset/train/000000000017.jpg 105,523,248,673,1 314,577,453,700,1 370,397,488,530,1 302,528,410,614,1 114,728,199,841,1 16,868,144,1000,1 287,776,403,896,1 336,743,482,873,1 411,692,529,793,1 413,857,569,928,1 350,906,465,1020,1 470,268,575,393,1 287,112,472,229,1 47,3,216,144,1 159,111,271,243,1 7,234,135,372,1 3,107,106,199,1 271,3,411,88,1 278,260,356,479,1 190,363,267,469,1 483,6,575,200,1 0,624,96,716,1 51,589,181,711,1 201,608,332,716,1 472,551,561,657,1 296,206,428,267,1 336,320,381,361,1 336,252,442,338,1 559,579,575,648,1 457,942,545,984,1 175,742,245,790,1 0,593,79,655,1
hw1_dataset/train/000000000018.jpg 119,197,482,416,0 263,442,543,606,6 297,795,727,1023,6
hw1_dataset/train/000000000019.jpg 278,548,464,743,3
hw1_dataset/train/000000000020.jpg 395,198,664,655,4
hw1_dataset/train/000000000021.jpg 119,238,389,389,0 856,175,889,202,0 901,169,930,191,0 903,202,938,222,0 833,225,878,243,0 841,146,864,160,0
hw1_dataset/train/000000000022.jpg 474,591,575,734,0 359,462,430,582,0 374,536,447,656,0 404,440,529,553,0 218,430,412,540,6 558,392,677,500,0 705,300,767,401,0 462,301,612,362,0 604,681,716,856,0
hw1_dataset/train/000000000023.jpg 74,453,427,903,0 266,349,686,569,0
hw1_dataset/train/000000000024.jpg 217,357,667,763,0 892,12,1023,293,0 180,200,334,258,0
hw1_dataset/train/000000000025.jpg 149,341,610,545,0 637,122,887,315,0
hw1_dataset/train/000000000026.jpg 278,461,502,528,2
hw1_dataset/train/000000000027.jpg 173,330,506,696,3
hw1_dataset/train/000000000028.jpg 82,371,698,798,2 188,344,255,454,2 135,321,171,371,2 339,348,365,390,2
hw1_dataset/train/000000000029.jpg 6,462,192,677,3 179,361,355,422,3 403,155,645,342,3
hw1_dataset/train/000000000030.jpg 0,437,706,1023,4
hw1_dataset/train/000000000031.jpg 408,1,500,484,0 222,603,378,754,4 538,0,640,360,0
hw1_dataset/train/000000000032.jpg 316,548,605,762,4 244,303,677,502,4 0,844,186,985,4 42,561,135,633,0 556,128,688,192,0 387,206,508,263,0 0,194,91,251,0 72,263,200,316,0 307,159,409,209,0 563,194,689,243,0 395,81,489,128,0 145,687,237,733,6 449,144,550,188,0 393,0,485,41,0 427,133,502,172,0 643,676,768,766,4
hw1_dataset/train/000000000033.jpg 127,365,532,697,5 0,244,190,334,5
hw1_dataset/train/000000000034.jpg 445,483,639,616,6 230,472,361,559,6
hw1_dataset/train/000000000035.jpg 144,513,225,608,1 196,233,250,314,1 381,595,453,656,1 183,597,266,712,1
hw1_dataset/train/000000000036.jpg 147,240,651,648,3
hw1_dataset/train/000000000037.jpg 268,0,582,110,4 421,464,601,546,6 216,451,341,507,6 354,120,446,163,0 149,0,219,39,0 576,67,644,98,0 590,0,717,13,0 431,11,456,42,0
hw1_dataset/train/000000000038.jpg 247,501,501,724,5
hw1_dataset/train/000000000039.jpg 278,459,576,677,0
hw1_dataset/train/000000000040.jpg 157,205,338,451,0 197,541,375,767,0 68,161,271,352,0 365,315,491,489,0 43,336,188,509,0 807,251,1024,411,0 62,609,226,767,0 585,474,789,614,0 828,348,1022,439,0 532,654,764,741,0 636,0,903,470,4
hw1_dataset/train/000000000041.jpg 179,310,383,385,0 2,183,60,291,0
hw1_dataset/train/000000000042.jpg 328,494,492,694,3 432,166,549,241,0
hw1_dataset/train/000000000043.jpg 607,671,766,882,4 175,420,560,577,6 438,745,561,857,6 484,922,520,1021,0 172,577,257,623,0
hw1_dataset/train/000000000044.jpg 11,668,88,716,0 47,636,112,682,0 315,459,467,567,6
hw1_dataset/train/000000000045.jpg 128,470,694,735,6
hw1_dataset/train/000000000046.jpg 21,266,596,593,6 634,581,767,800,6
hw1_dataset/train/000000000047.jpg 160,227,314,432,1
hw1_dataset/train/000000000048.jpg 306,160,500,493,0 332,461,466,682,0 229,498,290,642,0 172,606,261,729,0 472,677,555,767,0 466,0,641,163,0
hw1_dataset/train/000000000049.jpg 67,558,612,804,2 340,134,651,317,2 48,183,220,250,2
hw1_dataset/train/000000000050.jpg 125,530,301,682,0 258,498,422,639,0 261,272,352,405,0 276,374,384,503,0 430,574,535,695,0 1,467,107,585,0 143,419,212,532,0 173,352,261,457,0 442,326,539,431,0 391,306,467,409,0 37,391,128,493,0 401,428,528,525,0 507,318,575,411,0 436,495,549,585,0 140,269,197,358,0 311,271,388,360,0 0,116,110,190,4 232,81,282,121,0 488,52,540,86,0 366,80,392,104,0
hw1_dataset/train/000000000051.jpg 189,346,629,935,2 377,42,430,141,2 485,85,534,174,2 439,62,477,130,2 138,97,179,152,2 0,47,46,149,2
hw1_dataset/train/000000000052.jpg 29,218,190,575,0 102,531,169,599,0 482,117,536,181,0 889,709,1000,767,0 529,642,614,700,0 892,0,978,68,0
hw1_dataset/train/000000000053.jpg 508,379,595,634,0 335,261,453,494,0 213,392,271,523,0 151,490,239,598,0 182,607,244,731,0
hw1_dataset/train/000000000054.jpg 201,645,548,903,0 207,272,465,484,0 79,204,141,314,0
hw1_dataset/train/000000000055.jpg 172,361,238,443,0 439,272,575,341,0 0,492,575,729,0
hw1_dataset/train/000000000056.jpg 547,743,692,917,5 556,615,675,729,5 88,655,284,760,5 201,556,342,657,5 136,348,200,407,5 265,435,331,491,5 204,398,282,450,5 147,219,206,304,5
hw1_dataset/train/000000000057.jpg 81,394,396,556,4 298,684,642,822,0 639,411,767,490,0 669,790,767,863,4 411,552,581,624,0 551,783,671,855,0 599,578,703,645,0 605,504,691,570,0 467,583,604,647,0 73,969,263,1024,0 335,611,391,658,0 140,557,254,603,0 2,878,98,921,0 409,642,445,683,0 0,642,64,677,0 219,594,288,628,0 33,660,109,694,0 0,979,79,1024,6
hw1_dataset/train/000000000058.jpg 252,340,539,709,6
hw1_dataset/train/000000000059.jpg 0,180,424,434,4
hw1_dataset/train/000000000060.jpg 228,436,569,675,6 316,278,477,406,6 655,624,767,706,0
hw1_dataset/train/000000000061.jpg 124,435,232,547,3 597,263,642,352,3 276,454,329,534,3 329,438,391,516,3 243,434,294,510,3 467,413,559,483,3 681,305,741,363,3 431,503,491,575,3
hw1_dataset/train/000000000062.jpg 221,69,665,206,4
hw1_dataset/train/000000000063.jpg 569,0,675,74,0 699,0,759,70,0 552,9,644,73,0 661,23,745,85,0 89,122,632,971,6
hw1_dataset/train/000000000064.jpg 734,17,805,222,0 375,273,486,478,0 287,371,385,544,0 410,132,474,261,0 461,230,505,311,0 427,613,479,673,0 673,172,772,224,0 273,139,328,190,0
hw1_dataset/train/000000000065.jpg 290,503,472,624,5 615,308,767,417,0 130,448,221,521,0
hw1_dataset/train/000000000066.jpg 186,372,266,670,0 629,484,806,723,4 530,204,656,441,0 319,333,398,515,0 245,165,383,330,0 386,446,455,611,0 499,478,548,624,0 371,254,465,361,0 319,135,538,225,0
hw1_dataset/train/000000000067.jpg 0,324,995,675,4
hw1_dataset/train/000000000068.jpg 95,666,537,979,2 202,519,403,615,2
hw1_dataset/train/000000000069.jpg 398,457,628,716,6
hw1_dataset/train/000000000070.jpg 333,506,533,599,6 508,44,572,90,0 568,306,618,344,0 498,358,536,393,0 478,313,526,341,0
hw1_dataset/train/000000000071.jpg 157,438,365,646,0 269,706,585,906,0 88,674,223,771,0 133,303,324,387,0
hw1_dataset/train/000000000072.jpg 297,0,511,468,4
hw1_dataset/train/000000000073.jpg 293,363,767,843,4 506,288,625,383,0 151,854,335,931,0 591,901,752,970,0 384,646,489,709,4 115,449,274,510,0 683,358,766,417,0 299,571,341,615,0 357,725,463,769,4 30,683,117,722,0 91,493,125,528,0 258,565,334,600,0 122,585,212,618,0 92,560,179,593,0 187,533,263,565,0 342,561,400,591,0 174,533,227,562,0 271,520,323,549,0 41,546,80,573,0 363,544,445,570,0 74,545,118,570,0 177,506,210,530,0 293,506,339,528,0
hw1_dataset/train/000000000074.jpg 236,496,384,831,5 264,236,360,465,5 605,72,767,277,0
hw1_dataset/train/000000000075.jpg 624,455,835,613,4 397,195,475,285,4 523,280,547,331,0 541,300,566,345,0 554,265,589,307,0 571,320,615,360,0 275,125,299,162,0 560,359,628,395,0 565,244,611,278,0 512,202,535,235,0 647,305,672,336,0 793,277,833,306,0 571,175,585,194,0 658,366,672,382,0 732,319,742,334,0 706,327,729,336,0 391,350,468,383,0
hw1_dataset/train/000000000076.jpg 443,239,513,313,0 245,329,291,402,0 559,178,593,245,0 514,119,544,180,0 690,124,737,184,0 411,194,525,244,0 378,230,488,271,0 863,78,940,117,0 787,104,864,138,0 752,37,796,61,0
hw1_dataset/train/000000000077.jpg 378,499,555,663,0 612,147,696,198,0
hw1_dataset/train/000000000078.jpg 487,445,767,585,2 29,501,229,570,2
hw1_dataset/train/000000000079.jpg 513,81,616,250,0 429,262,619,374,0 287,504,528,613,4 628,427,680,510,0 21,327,183,404,0 647,365,768,441,0 369,618,538,684,4 0,447,97,500,0 695,441,767,493,0 229,375,346,420,0 405,376,513,420,0 504,432,617,475,0 600,455,700,498,0 385,436,492,478,0 100,404,222,445,0 102,383,194,423,0 194,403,283,442,0 0,370,24,408,0 176,174,420,295,0
hw1_dataset/train/000000000080.jpg 561,609,660,730,5 302,470,391,558,5 228,662,343,744,5 185,380,265,451,5 537,811,612,871,5
hw1_dataset/train/000000000081.jpg 72,157,283,317,0 590,176,767,281,0 158,56,252,160,0 663,0,918,75,0 842,1,931,46,0 666,257,752,324,0
hw1_dataset/train/000000000082.jpg 0,584,75,704,0 143,635,299,750,0 275,408,410,514,0 212,253,575,357,4 62,564,159,665,0 163,363,254,463,0 184,486,272,586,0 470,456,575,554,0 356,686,458,780,0 455,695,550,789,0 316,517,385,610,0 160,546,242,637,0 294,324,393,409,0 416,430,497,507,0 82,492,162,568,0 392,552,484,627,0 274,607,353,680,0 470,552,566,619,0 473,624,550,684,0 505,206,556,242,0 167,296,207,319,0 557,163,575,184,0 102,238,134,259,0 486,140,499,160,0 351,200,379,220,0 453,218,484,235,0 136,59,157,73,0 334,100,355,112,0
hw1_dataset/train/000000000083.jpg 275,425,768,907,4 196,309,454,638,5
hw1_dataset/train/000000000084.jpg 345,407,686,602,2 161,509,347,573,2
hw1_dataset/train/000000000085.jpg 46,603,400,752,6 489,416,717,550,6 415,57,565,181,4 333,455,531,557,6
hw1_dataset/train/000000000086.jpg 353,341,448,444,2 393,523,504,625,2 677,292,700,351,2 623,300,677,357,2 691,308,768,359,2 499,301,552,348,2 193,448,314,490,2 572,308,606,349,2 602,311,625,348,2
hw1_dataset/train/000000000087.jpg 445,282,642,651,6
hw1_dataset/train/000000000088.jpg 35,1,767,398,0 0,128,207,362,0 0,374,280,603,0 295,413,768,622,4 67,694,347,825,0 163,551,387,652,0 659,474,768,557,0 547,826,697,906,0 592,562,653,630,0 434,813,510,879,4 596,624,674,689,0 446,631,546,688,0 121,627,189,677,0 0,948,57,994,0 373,648,438,691,0 221,644,274,686,0 439,691,468,733,0 314,669,368,710,0 428,656,507,693,0 3,715,53,745,0 302,657,364,681,0
hw1_dataset/train/000000000089.jpg 339,426,469,556,0 447,0,768,106,4 217,689,616,1023,4
hw1_dataset/train/000000000090.jpg 172,391,508,717,3
hw1_dataset/train/000000000091.jpg 510,331,579,418,4 636,499,702,576,4 537,491,556,545,0 598,589,653,626,4
hw1_dataset/train/000000000092.jpg 305,496,446,688,5
hw1_dataset/train/000000000093.jpg 535,5,767,184,0 505,155,650,286,0 373,413,639,522,4 420,167,518,269,0 387,828,622,930,0 395,268,432,366,0 481,262,510,352,0 191,732,302,817,4 193,590,380,673,4 270,494,456,576,4 727,242,767,319,0 323,801,488,878,0 380,384,453,451,0 438,361,490,422,0 592,442,664,501,0 296,365,368,416,0 466,364,600,415,0 406,362,444,411,0 688,464,767,502,0 491,422,538,453,0 522,409,575,439,0 525,437,575,465,0 553,458,599,485,0 579,482,619,509,0 628,449,689,488,0
hw1_dataset/train/000000000094.jpg 552,0,677,396,4 561,0,662,199,4 359,145,503,332,4 374,397,609,582,4 193,660,218,738,0 770,552,791,601,0 796,723,846,767,0 225,496,272,524,0
hw1_dataset/train/000000000095.jpg 264,412,682,720,0
hw1_dataset/train/000000000096.jpg 336,397,545,517,0 631,350,741,424,0 610,254,736,295,0
hw1_dataset/train/000000000097.jpg 121,401,767,731,0 38,245,673,472,0
hw1_dataset/train/000000000098.jpg 301,0,768,450,4 96,704,350,883,6 487,417,628,476,6 201,0,394,34,4
hw1_dataset/train/000000000099.jpg 357,288,533,396,3
hw1_dataset/train/000000000100.jpg 182,440,352,634,0 360,417,524,608,0 342,230,448,416,0 421,0,533,177,0 332,121,453,257,0 410,211,491,333,0 540,428,658,632,0
hw1_dataset/train/000000000101.jpg 442,45,535,200,6 945,216,1023,304,0 729,219,751,284,0 306,227,328,287,0 578,131,598,181,0 250,584,280,623,0 968,323,981,361,0 598,665,617,695,0 204,645,234,674,0 804,673,819,700,0 763,396,796,422,0 968,669,987,695,0 898,713,916,738,0 571,293,582,318,0 841,654,856,678,0 415,227,421,246,0 513,242,527,260,0 636,614,648,628,0 562,258,572,271,0 618,669,634,682,0 432,293,441,300,0 277,289,345,449,6
hw1_dataset/train/000000000102.jpg 80,447,341,597,0 577,592,767,721,0 426,262,582,374,0 0,282,252,394,0 305,401,524,508,0 212,167,485,269,0 296,246,495,347,0 86,764,289,864,0 405,45,673,144,0 210,750,457,845,0 567,125,768,219,0 547,815,767,905,0 539,462,768,549,0 4,653,231,737,0 469,669,659,748,0 615,362,768,440,0 0,911,75,989,0 223,783,446,858,0 359,755,509,829,0 0,466,68,539,0 543,895,768,967,0 569,388,630,458,0 0,23,61,94,0 323,839,535,908,0 289,524,393,593,0 104,242,254,311,0 0,839,122,904,0 212,631,384,695,0 490,606,592,664,0 229,713,440,765,0 625,596,767,647,0 155,979,362,1024,0 427,979,632,1024,0 0,108,20,159,0
hw1_dataset/train/000000000103.jpg 135,412,768,725,0 227,214,768,511,0 0,756,123,910,0 133,468,401,580,0
hw1_dataset/train/000000000104.jpg 176,196,713,418,0 1,76,381,242,0
hw1_dataset/train/000000000105.jpg 540,278,587,440,4 257,118,329,215,4 567,47,686,116,4 365,337,448,401,4 261,384,325,436,4 396,683,413,731,0 457,649,483,693,0 353,650,378,692,0 330,525,342,566,0 486,413,503,453,0 274,570,293,609,0 639,644,662,677,0 359,728,375,749,0 580,472,591,493,0 598,476,612,494,0 593,444,606,462,0 318,561,328,577,0 382,206,390,222,0 350,282,362,297,0 366,329,375,339,0 377,338,387,347,0 296,277,307,285,0 352,565,372,608,0
hw1_dataset/train/000000000106.jpg 131,493,170,664,4 508,402,600,521,0 703,450,754,520,0 234,39,259,104,0 211,51,235,115,0 393,54,421,114,0 189,15,217,72,0 444,38,460,89,0 387,725,408,768,0 880,335,914,373,0 828,487,849,525,0 712,538,742,567,0 53,163,66,191,0 610,573,659,598,0 527,186,540,207,0 306,556,334,576,0 29,168,40,187,0 148,211,165,225,0 362,360,390,374,0 91,198,110,212,0 702,575,744,586,0 646,318,676,346,0
hw1_dataset/train/000000000107.jpg 0,447,25,537,2 523,497,569,575,2 429,509,480,580,2 583,506,628,577,2 339,506,383,569,2 86,676,214,736,2 206,485,243,542,2 101,488,136,544,2 170,494,212,550,2 658,483,696,539,2 297,513,345,568,2 277,670,447,713,2 708,471,745,512,2 69,497,99,536,2 150,507,183,543,2 134,508,151,537,2 31,509,55,536,2 230,524,276,545,2 720,418,745,455,2
hw1_dataset/train/000000000108.jpg 65,175,141,257,0 0,332,93,404,4 432,492,571,556,6 177,53,246,116,4 1,46,79,109,4 121,5,227,59,0 373,51,409,102,0 124,389,171,439,0 144,471,255,519,6 264,65,334,110,0 137,7,212,48,0 385,158,445,199,0 289,177,332,217,0 442,169,492,209,0 342,98,395,137,0 272,100,328,137,0 288,24,364,59,0 583,82,666,116,0 470,67,545,100,0 676,84,720,117,0 468,131,539,164,0 352,24,405,56,0 413,88,480,120,0 598,175,678,206,0 117,435,147,466,0 659,122,709,152,0 536,126,590,156,0 552,159,632,188,0 394,339,444,367,0 474,93,549,117,0
hw1_dataset/train/000000000109.jpg 223,310,673,705,3
hw1_dataset/train/000000000110.jpg 512,398,670,637,0 140,436,275,669,0 285,276,386,383,0 663,146,767,230,0 0,223,21,303,0 160,244,228,291,0 425,319,469,358,0 35,205,87,231,0 553,120,568,143,0
hw1_dataset/train/000000000111.jpg 404,246,538,334,0 384,107,509,187,0 169,401,259,468,0 459,174,560,239,0 6,481,72,535,0 252,380,302,426,0 88,32,151,61,0
hw1_dataset/train/000000000112.jpg 379,543,414,600,1 352,489,393,535,1 404,371,437,408,1 473,511,514,547,1 69,268,97,302,1 167,385,196,416,1 44,411,69,440,1
hw1_dataset/train/000000000113.jpg 198,427,504,677,5
hw1_dataset/train/000000000114.jpg 261,422,677,660,2 168,500,286,582,2
hw1_dataset/train/000000000115.jpg 345,524,768,879,4 342,474,488,587,6
hw1_dataset/train/000000000116.jpg 304,432,626,610,4 0,868,63,981,0 0,751,109,845,0 83,747,158,827,0 241,145,309,187,6 340,337,369,357,0 348,378,376,397,0
hw1_dataset/train/000000000117.jpg 205,287,765,616,6 212,751,252,808,0
hw1_dataset/train/000000000118.jpg 193,522,337,656,4 319,502,472,584,4 79,165,226,245,0 683,182,768,261,0 214,198,344,267,0 0,313,150,381,0 0,262,94,320,0 324,300,459,356,0 452,285,576,340,0 144,292,278,345,0 578,272,677,323,0 707,255,767,299,0 530,385,713,427,4 614,297,705,336,0 528,214,619,252,0 187,260,308,294,0 463,735,588,822,0
hw1_dataset/train/000000000119.jpg 733,637,786,763,0 390,334,417,384,0 316,482,383,524,0 822,667,882,708,0 284,533,302,573,0 226,550,248,570,0 200,185,302,467,6
hw1_dataset/train/000000000120.jpg 1,422,686,743,4 543,704,581,852,0 487,883,626,988,0
hw1_dataset/train/000000000121.jpg 585,578,767,895,6 67,535,554,788,6 573,125,768,212,6 2,322,306,604,4
hw1_dataset/train/000000000122.jpg 84,541,208,628,0 41,804,84,880,0 361,36,460,85,0 427,117,494,163,0 353,196,428,262,0 445,252,537,292,0 91,348,175,388,0 407,439,445,511,0 132,452,304,526,0 150,401,181,467,0
hw1_dataset/train/000000000123.jpg 54,769,450,981,4 399,633,544,735,6 385,51,532,157,6
hw1_dataset/train/000000000124.jpg 848,482,1023,571,0 514,110,586,152,0 496,189,555,235,0 549,84,617,124,0 595,35,655,62,0 587,9,647,35,0 478,195,532,237,0 471,147,501,172,0
hw1_dataset/train/000000000125.jpg 73,365,196,554,5 484,606,609,792,5
hw1_dataset/train/000000000126.jpg 321,84,696,746,0 577,90,706,193,0 665,541,787,768,0
hw1_dataset/train/000000000127.jpg 370,410,480,575,0 564,88,794,247,0 666,435,770,560,0 170,102,319,199,0 827,289,986,377,0 774,373,844,450,0 54,194,180,243,0
hw1_dataset/train/000000000128.jpg 485,414,625,665,0 451,246,585,388,0 238,233,291,319,0 522,622,572,682,0 300,240,383,286,0 621,11,710,100,0
hw1_dataset/train/000000000129.jpg 60,414,721,795,0 383,803,559,1024,0
hw1_dataset/train/000000000130.jpg 843,550,861,592,0 540,305,555,341,0 576,590,607,622,0 848,657,860,689,0 675,208,699,240,0 637,601,656,633,0 610,212,635,244,0 617,640,633,669,0 610,299,630,327,0 570,213,604,240,0 247,243,300,270,0 756,658,788,683,0 525,277,546,302,0 760,614,810,639,0 357,236,373,259,0 573,264,590,287,0 883,447,916,470,0 463,164,488,187,0 867,559,909,580,0 856,688,873,707,0 521,97,588,116,4 775,605,797,622,0 824,382,847,398,0 23,273,42,289,0 61,290,77,305,0 490,319,521,334,0 570,334,578,349,0 16,344,53,358,0 774,387,792,401,0 821,685,847,699,0 458,352,487,366,0 522,307,543,321,0 676,377,695,391,0 858,391,882,405,0 549,384,570,397,0 16,361,51,374,0 683,304,696,317,0 351,167,392,180,0 468,333,484,345,0 313,145,327,156,0 404,146,416,157,0 709,393,724,403,0 308,255,326,265,0 428,208,444,216,0 344,183,354,190,0
hw1_dataset/train/000000000131.jpg 0,192,255,534,2 245,614,485,712,2
hw1_dataset/train/000000000132.jpg 174,379,590,627,6
hw1_dataset/train/000000000133.jpg 122,350,207,443,3 435,305,501,396,3 185,337,266,423,3 516,180,580,264,3 272,361,344,434,3 232,363,292,433,3 360,402,425,455,3 289,352,335,395,3 602,230,662,265,3
hw1_dataset/train/000000000134.jpg 393,404,515,527,1 0,279,79,397,1 649,466,768,582,1 211,604,358,719,1 681,347,767,461,1 362,548,512,660,1 479,707,641,812,1 75,743,182,835,1 600,873,729,961,1 290,725,384,810,1 392,773,510,850,1 616,328,717,401,1 15,205,139,277,1 245,971,337,1024,1 203,0,303,32,1
hw1_dataset/train/000000000135.jpg 76,337,552,742,4
hw1_dataset/train/000000000136.jpg 113,26,471,382,0 364,469,538,709,0 551,668,734,865,0 489,305,590,500,0 54,639,89,714,0 281,614,324,680,0 184,600,238,664,0 0,725,49,780,0 335,653,388,706,0 200,670,268,722,0 95,667,160,705,0 227,607,270,644,0 33,678,110,715,0 0,735,65,772,0
hw1_dataset/train/000000000137.jpg 659,207,712,232,0 691,149,747,178,0 731,174,773,200,0 816,189,868,211,0 852,191,895,217,0
hw1_dataset/train/000000000138.jpg 115,101,767,693,0 88,292,597,691,0 406,666,529,845,0 557,311,768,459,0 6,615,63,732,0 341,787,440,886,4 57,743,99,841,0 305,629,344,725,0 725,279,767,371,0 287,680,360,761,0 105,761,175,823,0 112,715,178,776,0 449,632,546,681,0 0,755,19,801,0 451,84,768,309,0
hw1_dataset/train/000000000139.jpg 123,271,199,383,2 116,283,148,376,2 577,352,625,433,2 672,359,719,430,2 725,371,767,428,2 457,369,483,425,2 224,521,384,572,2 470,362,510,413,2 438,371,463,421,2 300,338,349,386,2 242,334,277,379,2 332,349,364,389,2 281,353,314,390,2
hw1_dataset/train/000000000140.jpg 190,308,314,469,3 110,317,183,462,3 384,340,552,540,3
hw1_dataset/train/000000000141.jpg 377,429,684,582,2 521,320,571,388,2 625,322,666,387,2 364,367,408,420,2 816,303,854,356,2 592,336,624,383,2 468,349,504,396,2 459,349,483,389,2 752,325,776,365,2 743,320,767,357,2 689,347,702,375,2 707,349,731,372,2 837,282,862,320,2
hw1_dataset/train/000000000142.jpg 107,846,210,965,0 343,410,480,507,4 44,270,186,358,0 272,493,445,578,4 10,341,197,425,0 454,509,609,586,4 270,286,398,352,0 97,378,223,436,0 20,327,134,379,0 314,292,426,370,0
hw1_dataset/train/000000000143.jpg 191,381,465,744,6 0,0,767,143,4 65,410,217,533,0 513,828,661,909,0
hw1_dataset/train/000000000144.jpg 137,314,356,491,3
hw1_dataset/train/000000000145.jpg 345,430,578,532,3
hw1_dataset/train/000000000146.jpg 281,169,676,622,6 509,766,683,924,6 460,973,582,1023,0
hw1_dataset/train/000000000147.jpg 350,491,418,608,3 202,266,273,372,3 494,555,610,646,3 195,471,278,542,3 0,416,60,485,3 86,475,159,541,3 339,259,410,312,3
hw1_dataset/train/000000000148.jpg 520,377,689,505,1 143,659,213,758,1 230,549,369,645,1 95,390,287,484,1 141,858,266,950,1 338,430,457,519,1 434,362,522,444,1 282,813,374,882,1 18,898,111,960,1 38,961,140,1021,1
hw1_dataset/train/000000000149.jpg 291,342,519,640,5
hw1_dataset/train/000000000150.jpg 230,114,382,361,1 446,701,630,893,1 546,392,712,514,1 221,465,377,582,1 263,600,429,712,1 179,117,281,194,1 727,430,768,487,1 100,830,229,974,1
hw1_dataset/train/000000000151.jpg 108,329,420,546,0 437,323,617,533,0 338,597,552,724,4 133,286,283,413,0 14,782,89,902,0 121,538,183,633,0 93,412,143,506,0 0,618,59,697,0 33,606,116,677,0 0,737,143,805,0 90,666,156,729,0 302,8,636,299,4
hw1_dataset/train/000000000152.jpg 227,302,301,411,2 339,484,474,564,2 667,245,713,302,2 497,253,539,307,2 374,256,424,310,2 693,225,716,272,2 536,255,566,301,2 759,255,767,298,2 701,265,736,306,2 637,263,665,300,2 478,259,494,287,2 546,277,636,303,2 453,275,490,293,2 714,280,748,298,2 671,245,695,261,2
hw1_dataset/train/000000000153.jpg 369,78,586,271,1 492,449,642,639,1 725,277,768,417,1 126,603,196,702,1 265,388,383,482,1 332,792,457,882,1 0,729,47,788,1 145,384,250,441,1 452,867,513,913,1 543,887,695,966,1
hw1_dataset/train/000000000154.jpg 319,119,511,226,3 458,566,647,665,3
hw1_dataset/train/000000000155.jpg 282,230,428,345,6 275,420,430,539,6
hw1_dataset/train/000000000156.jpg 315,422,605,567,3
hw1_dataset/train/000000000157.jpg 382,434,562,683,4
hw1_dataset/train/000000000158.jpg 643,143,768,401,0 213,448,523,661,0
hw1_dataset/train/000000000159.jpg 509,363,647,461,4 704,225,767,280,0 743,289,768,335,0 246,229,491,767,6
hw1_dataset/train/000000000160.jpg 454,451,560,664,0 308,191,461,365,0 806,257,876,403,0 822,67,891,201,0 762,254,868,381,0 356,710,450,767,0 751,491,881,544,0 336,477,426,550,0
hw1_dataset/train/000000000161.jpg 184,456,538,783,0 319,752,522,940,5
hw1_dataset/train/000000000162.jpg 1,18,131,94,4 175,0,252,54,0 112,101,208,152,0 102,0,169,37,0 311,491,553,608,6
hw1_dataset/train/000000000163.jpg 2,347,643,686,4 0,730,134,843,6
hw1_dataset/train/000000000164.jpg 46,687,90,745,0 259,701,310,739,0 321,485,673,613,4
hw1_dataset/train/000000000165.jpg 234,503,361,710,4 191,589,575,746,0 0,588,166,656,0
hw1_dataset/train/000000000166.jpg 365,0,806,518,0 723,0,964,320,0
hw1_dataset/train/000000000167.jpg 347,74,419,259,1 543,675,727,852,1 122,165,277,310,1 405,433,513,549,1 438,684,551,769,1 91,656,286,760,1
hw1_dataset/train/000000000168.jpg 50,756,302,909,2 457,446,578,566,2 332,242,420,352,2 589,191,640,255,2 473,202,520,254,2 654,200,684,249,2 727,191,767,241,2 268,364,404,408,2 678,214,711,247,2 570,210,592,240,2 528,216,568,244,2
hw1_dataset/train/000000000169.jpg 0,301,685,1024,4
hw1_dataset/train/000000000170.jpg 657,354,751,468,3 867,486,994,575,3 360,149,437,213,3 905,172,991,223,3
hw1_dataset/train/000000000171.jpg 687,355,738,452,3 561,360,631,450,3 624,360,662,424,3 286,335,313,397,3 220,338,271,397,3 333,339,364,394,3 192,432,286,482,3 55,389,121,424,3 749,374,767,450,3
hw1_dataset/train/000000000172.jpg 532,0,683,102,0 304,637,475,730,0 673,13,767,106,0 12,62,161,154,0 0,756,108,846,0 557,161,767,248,0 645,932,767,1019,0 403,939,545,1023,0 514,874,639,955,0 304,58,529,136,0 163,572,302,650,0 631,767,767,844,0 454,381,648,458,0 217,555,414,632,0 51,172,240,248,0 495,276,667,352,0 647,577,768,652,0 353,734,527,809,0 663,839,768,914,0 440,647,560,722,0 0,856,66,929,0 591,681,758,754,0 182,928,315,1000,0 321,767,479,838,0 270,362,439,430,0 589,612,750,679,0 460,289,573,355,0 412,588,551,654,0 328,849,457,914,0 522,427,695,492,0 493,796,629,861,0 415,0,541,64,0 0,156,62,220,0 403,198,576,259,0 0,343,99,406,0 140,239,286,299,0 75,364,189,424,0 385,157,539,217,0 478,526,698,585,0 254,431,384,489,0 204,812,367,869,0 281,296,454,353,0 0,247,38,303,0 124,882,244,938,0 53,315,216,370,0 40,477,252,529,0 677,434,768,486,0 321,967,423,1018,0 0,585,121,637,0 75,712,232,762,0 0,425,60,472,0 504,481,666,528,0 691,405,768,450,0 130,455,272,497,0 687,656,767,721,0
hw1_dataset/train/000000000173.jpg 459,253,684,605,6 215,373,339,494,4 161,269,243,666,4
hw1_dataset/train/000000000174.jpg 396,40,645,169,0 285,377,581,490,4 0,149,133,232,0 0,233,157,314,0 148,573,285,640,4 675,187,768,247,0 158,665,235,721,0 371,685,416,721,4 521,456,558,488,0 372,331,424,360,0 2,773,82,801,6 175,502,248,528,0 479,526,508,551,0 257,447,310,472,0 421,440,484,464,0 556,568,580,588,0 495,546,524,565,0 528,572,551,590,0 472,526,477,544,0 474,576,492,588,0 481,556,497,567,0 520,568,540,577,0 444,578,460,587,0
hw1_dataset/train/000000000175.jpg 324,6,519,235,6 119,84,347,293,6 164,768,283,904,6 443,319,575,447,6 373,0,547,120,1 423,516,490,575,6 563,430,575,490,6 563,446,575,488,1 484,81,575,252,6
hw1_dataset/train/000000000176.jpg 306,515,501,630,6 97,342,262,398,0 325,321,392,387,0
hw1_dataset/train/000000000177.jpg 243,627,768,952,2 331,524,768,669,2 27,4,132,121,2 458,330,605,429,2 92,278,405,358,2 643,402,768,480,2 0,150,113,214,2 463,414,595,537,2
hw1_dataset/train/000000000178.jpg 418,49,492,240,0 271,201,402,420,0 297,420,489,534,0 194,529,524,768,0
hw1_dataset/train/000000000179.jpg 151,436,378,627,2
hw1_dataset/train/000000000180.jpg 77,165,317,461,1 281,380,513,575,1 70,476,201,665,1 0,357,61,510,1 518,707,575,800,1 304,850,397,931,1
hw1_dataset/train/000000000181.jpg 613,299,979,626,0 194,240,484,428,0
hw1_dataset/train/000000000182.jpg 337,260,713,434,4 106,623,403,777,4
hw1_dataset/train/000000000183.jpg 0,431,42,536,0 151,4,314,108,4 257,287,405,374,0 39,264,166,348,4 153,327,278,401,0 442,2,523,59,0 703,0,767,56,0 335,530,472,595,6
hw1_dataset/train/000000000184.jpg 333,255,597,725,6
hw1_dataset/train/000000000185.jpg 499,245,575,361,0 0,493,523,670,4
hw1_dataset/train/000000000186.jpg 0,205,170,320,0 194,264,462,373,0 193,65,228,164,0 539,560,676,640,4 444,454,625,533,4 139,119,168,194,0 92,421,237,480,4 244,521,372,574,0 152,594,303,646,4 530,675,733,761,4
hw1_dataset/train/000000000187.jpg 493,47,616,263,0 531,245,655,373,0 573,140,713,268,0 597,44,768,160,0 611,394,767,505,4 292,601,488,703,4 544,831,711,931,0 409,275,454,365,0 707,136,768,224,0 383,507,520,592,4 374,318,435,401,0 478,286,611,369,0 264,682,360,759,4 285,746,338,823,0 276,475,400,540,4 540,408,589,468,0 575,395,648,449,0 573,415,634,460,0 459,364,510,408,0 396,391,470,434,0 480,410,550,452,0 517,392,556,424,0
hw1_dataset/train/000000000188.jpg 135,467,647,810,5
hw1_dataset/train/000000000189.jpg 32,285,526,925,4 584,119,634,199,0 650,123,705,203,0 537,153,602,224,0 662,223,739,277,0 591,5,768,100,0
hw1_dataset/train/000000000190.jpg 216,390,557,508,6 297,674,388,722,0
hw1_dataset/train/000000000191.jpg 298,323,560,709,5
hw1_dataset/train/000000000192.jpg 491,185,581,290,1 427,705,488,806,1 529,676,634,776,1 321,822,426,915,1 182,609,280,678,1 539,513,625,582,1 232,809,318,875,1 397,467,495,532,1 429,434,529,499,1 469,514,552,578,1 598,492,686,555,1 521,826,617,888,1 689,858,767,917,1 274,424,388,482,1 703,525,768,580,1
hw1_dataset/train/000000000193.jpg 627,360,852,551,0 737,55,886,161,0 67,476,229,575,0 674,2,768,98,0 151,218,269,307,0 39,170,124,257,0
hw1_dataset/train/000000000194.jpg 476,581,545,659,0 539,522,575,596,0 356,593,428,647,0 417,210,486,262,0 377,157,460,209,0 498,262,575,310,0 234,446,279,480,0 289,483,335,510,0 248,414,283,438,0 314,409,333,417,0 122,343,352,433,6
hw1_dataset/train/000000000195.jpg 214,504,547,717,4
hw1_dataset/train/000000000196.jpg 186,542,415,663,6 33,4,223,108,4 651,333,767,385,6 500,13,623,62,0
hw1_dataset/train/000000000197.jpg 251,0,418,190,0 0,0,73,157,0 327,195,396,309,0 187,207,276,320,0 365,236,410,343,0 512,273,593,363,0 237,487,326,568,0 176,301,242,377,0 653,0,747,76,0 222,578,320,653,4 588,647,721,717,4 219,339,283,399,0 666,486,747,523,4 659,839,736,870,6 603,560,686,589,0 735,792,767,834,0
hw1_dataset/train/000000000198.jpg 24,161,47,179,0 86,170,108,188,0 190,209,234,282,0 229,303,293,363,0 254,292,300,361,0 320,287,362,346,0 279,390,339,450,0 395,345,463,420,0 378,370,441,427,0 442,388,522,458,0 466,343,522,367,0 553,372,588,430,0 616,373,735,431,0 706,488,781,568,0 905,563,964,604,0 987,479,1023,536,0 749,266,792,341,0 820,321,879,395,0 441,422,495,473,0
hw1_dataset/train/000000000199.jpg 61,388,706,710,2
hw1_dataset/train/000000000200.jpg 229,455,465,646,5
hw1_dataset/train/000000000201.jpg 390,264,601,344,0 406,326,584,456,0 281,403,475,473,0 235,275,348,373,0 199,418,322,593,0 230,434,478,522,0
hw1_dataset/train/000000000202.jpg 353,306,456,421,0
hw1_dataset/train/000000000203.jpg 0,701,231,854,0 58,457,504,607,0 581,1,768,142,0 517,324,768,448,0 545,452,767,571,0 0,593,124,707,0 0,0,57,99,0 395,895,768,1023,0
hw1_dataset/train/000000000204.jpg 281,418,603,654,2 68,194,130,271,2 143,334,379,395,2 219,182,242,242,2 197,196,225,253,2 131,210,179,264,2 254,174,293,218,2 243,148,274,189,2 0,205,35,259,2
hw1_dataset/train/000000000205.jpg 273,467,493,579,3 416,169,506,265,3
hw1_dataset/train/000000000206.jpg 218,42,419,181,0 134,90,262,225,0 92,171,215,296,0 527,303,768,409,0 52,0,167,94,0 307,490,449,580,4 27,181,134,262,0 214,252,322,329,0 455,477,644,550,4 92,195,210,258,0 368,346,541,406,0 0,211,31,271,0 563,218,701,274,0 350,249,483,302,0 399,271,527,322,0 605,289,768,333,0 209,285,366,328,0 613,244,727,282,0 604,523,766,595,4
hw1_dataset/train/000000000207.jpg 192,265,256,357,0 331,444,374,535,0 46,501,87,572,0 781,318,840,383,0 864,0,941,51,0 854,139,930,171,0 798,196,879,226,0 274,538,319,559,0 460,138,647,653,4
hw1_dataset/train/000000000208.jpg 266,673,418,766,6 232,60,288,139,0 225,201,355,257,4 195,188,241,243,0 572,296,617,342,4 0,89,73,134,0 123,134,256,176,4 0,113,20,155,0 37,127,114,168,0 512,329,568,370,4 407,333,450,373,4 583,513,671,552,6 317,472,464,508,4 78,187,148,223,0 456,178,532,210,0 357,201,423,231,0 232,203,283,231,0 156,176,223,203,0 404,255,464,282,0 221,425,299,451,4 496,237,561,263,0 526,188,592,213,0 559,209,633,234,0 370,235,431,260,0 261,181,313,204,0 437,232,482,254,0 616,203,670,225,0 445,223,491,245,0 561,231,623,252,0 465,209,517,230,0 659,348,684,365,0 638,345,647,357,0 698,351,706,362,0
hw1_dataset/train/000000000209.jpg 0,469,575,925,4
hw1_dataset/train/000000000210.jpg 287,418,532,660,5 424,193,631,292,0
hw1_dataset/train/000000000211.jpg 266,104,469,370,5 369,706,507,891,5
hw1_dataset/train/000000000212.jpg 0,238,700,538,0 148,772,479,980,0 437,599,767,792,0
hw1_dataset/train/000000000213.jpg 377,506,627,694,0 112,281,261,435,0 225,716,368,868,0 27,437,164,516,0 215,406,327,471,0 109,248,137,302,0 405,319,429,357,0 156,233,214,262,0 557,286,592,313,0
hw1_dataset/train/000000000214.jpg 164,380,629,629,5
hw1_dataset/train/000000000215.jpg 332,457,487,610,4
hw1_dataset/train/000000000216.jpg 632,37,745,232,0 196,526,530,682,4 98,903,388,1023,4 73,315,208,420,0 211,393,337,471,0 688,328,767,406,0 0,355,132,424,0 513,441,664,507,0 679,441,767,503,0 0,458,88,518,0 75,407,213,464,0 411,441,518,489,0 402,400,512,448,0 492,381,595,420,0
hw1_dataset/train/000000000217.jpg 447,245,586,468,6 301,547,393,620,4 952,566,987,595,0 566,491,577,517,0 444,629,460,640,0 455,549,474,557,0
hw1_dataset/train/000000000218.jpg 127,255,594,816,6
hw1_dataset/train/000000000219.jpg 347,175,482,403,0 530,1,610,159,0 365,440,504,598,0
hw1_dataset/train/000000000220.jpg 159,371,712,625,2 241,323,278,393,2 355,315,393,377,2 410,300,438,346,2 295,343,333,387,2 140,340,193,380,2 41,325,71,358,2
hw1_dataset/train/000000000221.jpg 14,377,130,500,4 438,0,490,99,0 0,24,99,117,0 0,117,114,187,4 28,227,154,294,4 0,0,123,57,0 138,155,202,206,0 280,601,405,647,0 673,456,767,502,4 364,295,434,336,0 475,225,520,265,0 223,199,296,237,0 217,244,279,278,0 548,255,596,289,0 404,276,477,310,0 643,227,699,260,0 677,288,726,320,0 290,244,361,276,0 443,570,504,602,6 539,253,587,284,0 576,264,620,293,0 469,537,539,565,0 550,296,601,324,0 410,532,458,558,0 721,261,767,286,0 634,281,676,305,0 641,259,691,281,0 506,0,619,83,0
hw1_dataset/train/000000000222.jpg 215,350,563,882,0
hw1_dataset/train/000000000223.jpg 244,128,473,401,5 366,743,516,947,5
hw1_dataset/train/000000000224.jpg 154,26,390,347,0 249,375,382,522,5 528,564,614,683,5 572,794,633,881,5 420,585,466,671,5 510,949,613,1024,5
hw1_dataset/train/000000000225.jpg 66,804,243,1017,0 279,791,458,986,0 373,590,696,780,0 358,32,599,204,0 293,784,483,954,0 635,490,768,637,0 126,462,290,594,0 547,251,767,381,0 304,648,388,768,0 190,339,338,453,0 84,335,231,445,0 0,724,86,829,0 210,316,410,419,0 643,141,768,245,0 505,320,733,420,0 56,704,149,802,0 275,741,581,838,0 496,929,666,1023,0 317,219,486,312,0 136,621,274,713,0 715,787,768,878,0 0,113,70,201,0 306,514,489,594,0 192,271,371,348,0 491,1,767,75,0 31,533,155,601,0 0,826,24,891,0 43,237,82,301,0 0,401,70,464,0 29,486,145,548,0 61,330,161,389,0 303,12,472,67,0 1,567,78,617,0 0,0,33,39,0 173,0,234,32,0 82,114,264,201,0
hw1_dataset/train/000000000226.jpg 136,19,360,303,5 577,372,691,527,5 531,839,647,956,5 428,400,489,505,5 621,668,691,767,5
hw1_dataset/train/000000000227.jpg 534,292,564,326,1 547,279,580,311,1 495,207,526,234,1 390,268,424,297,1 480,303,522,340,1 416,459,440,484,1 409,571,436,593,1 287,537,314,562,1
hw1_dataset/train/000000000228.jpg 571,1,746,233,0 116,0,328,156,0 330,0,407,131,0 426,479,543,597,4 306,234,375,337,0 70,495,156,581,4 347,630,445,715,4 56,431,121,509,0 198,363,243,439,0 143,420,207,488,0 463,341,585,408,0 0,562,38,629,0 210,295,309,362,0 226,427,271,494,0 121,367,218,420,0 0,608,33,660,0 0,401,105,453,0 384,260,457,310,0 0,439,86,489,0 359,295,420,344,0 221,372,270,416,0 386,339,478,419,0
hw1_dataset/train/000000000229.jpg 492,463,574,753,5 247,300,308,392,5 421,420,531,493,5 182,525,425,1021,4
hw1_dataset/train/000000000230.jpg 179,267,252,659,4 471,251,700,611,6 405,487,476,768,4
hw1_dataset/train/000000000231.jpg 475,469,823,659,0 26,263,88,399,0 179,126,244,217,0
hw1_dataset/train/000000000232.jpg 335,452,498,567,2 0,258,91,373,2 619,225,697,314,2 145,204,203,264,2 460,182,486,235,2 277,210,320,261,2 443,198,476,244,2 409,211,442,253,2 335,215,386,257,2 524,209,539,246,2 226,220,268,256,2 568,203,587,234,2 542,202,564,232,2 700,205,717,232,2 591,217,617,243,2 748,224,767,245,2
hw1_dataset/train/000000000233.jpg 127,162,558,462,4
hw1_dataset/train/000000000234.jpg 597,716,768,953,3 305,0,768,195,3 422,289,645,397,3
hw1_dataset/train/000000000235.jpg 162,341,641,616,2
hw1_dataset/train/000000000236.jpg 266,839,375,955,1 299,311,382,398,1 366,932,447,1004,1 453,302,516,372,1 21,479,75,537,1 333,233,392,285,1 375,454,431,503,1 183,815,228,863,1 0,651,27,698,1 235,628,272,670,1 248,55,298,95,1 3,564,45,596,1 220,188,254,220,1 5,602,42,630,1 85,829,109,848,1 46,679,73,697,1 327,418,360,436,1 274,734,293,751,1
hw1_dataset/train/000000000237.jpg 167,486,561,658,4 544,662,634,736,0 419,622,583,695,0 353,294,480,358,0 268,379,382,439,0 518,567,622,627,0 94,371,232,430,0 547,631,625,690,0 527,297,650,354,0 524,387,676,444,4 359,398,458,454,0 360,177,481,227,0 426,416,503,465,0 243,323,349,371,0 537,147,626,195,0 11,794,94,874,0
hw1_dataset/train/000000000238.jpg 292,0,526,621,0
hw1_dataset/train/000000000239.jpg 552,321,665,618,4 643,481,680,524,0 686,513,794,559,0 330,386,362,403,0 342,244,371,259,0 99,321,139,336,0 121,538,143,587,0 93,625,114,650,0 234,568,253,580,0 295,495,301,512,0 124,487,156,514,0 97,503,131,542,0 750,417,780,436,0 268,269,285,278,0
hw1_dataset/train/000000000240.jpg 328,58,378,174,0 305,465,346,561,0 286,92,346,187,0 206,382,240,476,0 183,451,259,538,0 172,407,211,485,0 230,367,278,444,0 40,447,73,523,0 527,296,563,369,0 119,454,156,526,0 304,340,382,409,0 309,234,354,301,0 137,540,181,606,0 99,629,140,695,0 356,271,395,337,0 274,660,310,724,0 94,550,122,614,0 120,499,154,563,0 292,431,319,494,0 148,497,174,555,0 238,260,305,309,0 354,199,403,246,0 172,705,203,751,0 247,141,270,185,0 193,674,235,715,0 394,78,426,119,0 64,729,87,767,0 78,53,100,86,0
hw1_dataset/train/000000000241.jpg 217,243,738,515,3
hw1_dataset/train/000000000242.jpg 605,119,704,395,4 457,223,570,448,4 450,0,539,146,4 244,446,472,583,4 589,0,656,78,4 186,682,222,738,0 777,503,801,536,0 816,714,857,740,0 212,457,254,483,0
hw1_dataset/train/000000000243.jpg 77,401,589,724,2
hw1_dataset/train/000000000244.jpg 464,329,590,399,3 578,328,641,391,3 521,354,676,492,3 63,287,131,392,3 260,311,344,384,3 276,203,357,258,3 110,284,165,365,3
hw1_dataset/train/000000000245.jpg 3,434,78,706,0 342,528,575,763,4 39,430,254,536,6 392,236,467,265,0 319,241,467,382,0
hw1_dataset/train/000000000246.jpg 266,495,530,806,5
hw1_dataset/train/000000000247.jpg 327,102,449,318,0 331,366,496,477,0 469,0,562,107,0 199,538,500,695,0
hw1_dataset/train/000000000248.jpg 905,394,1023,571,0 959,101,1023,226,0 762,94,956,227,0 269,56,392,167,0 350,44,576,189,0 336,241,461,334,0 427,207,551,311,0
hw1_dataset/train/000000000249.jpg 193,115,428,341,1 0,846,126,1001,1 0,294,96,444,1 438,762,570,911,1 509,563,623,702,1 512,255,692,389,1 155,792,346,922,1 0,563,111,694,1 409,237,513,360,1 540,339,701,435,1
hw1_dataset/train/000000000250.jpg 850,152,877,209,0 286,587,367,643,0 296,174,355,229,0 42,413,68,457,0 333,262,385,300,0 523,215,546,250,0 729,241,741,276,0 284,126,300,159,0 771,148,789,181,0 689,92,708,121,0 642,0,668,26,0 781,204,810,227,0 448,125,496,143,0 779,370,821,388,0 475,189,519,205,0 723,307,762,323,0 91,138,118,154,0 77,113,94,121,0 237,299,555,651,6
hw1_dataset/train/000000000251.jpg 276,388,608,708,3
hw1_dataset/train/000000000252.jpg 326,403,442,555,4 50,0,377,125,0 33,167,121,254,0 105,459,176,513,4 198,699,261,751,0 88,403,108,446,0 35,534,70,575,0 251,596,317,637,4 412,257,450,295,0 376,681,417,718,4 20,438,78,473,0 7,774,94,809,6 427,574,493,605,0 143,423,212,453,0 230,407,298,437,0 442,432,508,462,0 383,523,431,552,0 479,464,546,492,0 279,444,346,471,0 189,474,254,500,0 119,413,184,439,0 201,457,237,483,0 486,434,548,459,0 331,428,383,453,0 526,536,549,560,0 532,557,543,571,0 496,564,517,575,0 516,587,526,597,0 565,567,582,576,0 509,575,520,584,0
hw1_dataset/train/000000000253.jpg 100,541,435,798,1 258,223,487,471,1 20,400,225,627,1 470,693,612,916,1 555,290,753,499,1 173,894,388,1002,1 327,812,493,910,1
hw1_dataset/train/000000000254.jpg 226,365,375,500,6 462,921,509,984,0 312,977,406,1023,0 212,57,367,208,6
hw1_dataset/train/000000000255.jpg 274,203,540,618,0
hw1_dataset/train/000000000256.jpg 374,413,657,643,2 300,44,363,136,2 606,99,657,167,2 276,92,301,126,2 685,137,716,178,2
hw1_dataset/train/000000000257.jpg 238,151,270,206,0 211,121,236,160,0 611,385,635,423,0 781,364,820,419,0 826,470,860,525,0 897,269,926,295,0 994,283,1023,429,0 250,616,293,740,0 195,703,224,763,0 310,83,331,133,0 347,81,367,127,0 519,399,545,443,0 296,313,318,366,0 300,23,324,60,0 206,287,225,336,0 201,263,232,282,0 233,354,250,389,0 269,381,290,425,0 192,368,215,409,0
hw1_dataset/train/000000000258.jpg 207,482,570,725,5
hw1_dataset/train/000000000259.jpg 216,98,266,127,0 137,695,184,731,0 171,710,212,767,0 292,657,324,728,0 377,549,432,600,0 387,513,409,551,0 662,603,700,657,0 763,318,814,380,0 631,70,671,128,0
hw1_dataset/train/000000000260.jpg 189,569,491,751,6 235,53,375,114,6
hw1_dataset/train/000000000261.jpg 551,618,705,731,1 340,559,547,663,1 95,726,178,808,1 233,616,378,697,1 215,809,312,883,1 172,587,350,656,1 182,720,265,781,1 494,463,611,515,1 706,524,763,566,1 629,330,697,366,1 0,656,82,689,1 697,695,762,724,1 69,667,194,716,1
hw1_dataset/train/000000000262.jpg 235,243,475,658,2
hw1_dataset/train/000000000263.jpg 387,420,555,559,0 31,391,188,530,0 313,481,408,615,0 102,39,538,163,4 61,537,238,657,0 41,244,134,358,0 61,347,220,449,0 218,234,350,327,0 252,330,396,418,0 222,406,337,493,0 364,309,505,394,0 439,219,525,278,0 12,174,47,230,0 124,180,180,231,0 468,98,505,138,0 514,34,540,69,0 420,45,453,71,0 169,66,207,87,0 376,77,408,94,0
hw1_dataset/train/000000000264.jpg 61,66,251,165,0 567,279,819,422,0 152,93,272,173,0 497,192,513,208,0 537,180,558,199,0
hw1_dataset/train/000000000265.jpg 151,257,207,323,1 200,323,258,379,1 379,286,444,336,1 375,677,423,724,1 340,351,410,397,1 70,448,116,494,1 272,76,332,121,1 505,163,573,207,1 44,305,94,349,1 336,284,374,327,1 467,651,506,694,1 439,802,491,844,1 37,598,92,638,1 38,548,91,586,1 144,962,176,999,1 247,871,283,907,1 191,209,237,244,1 534,721,555,756,1 506,762,531,797,1 562,203,575,238,1 516,300,556,334,1 207,508,249,538,1 306,424,351,454,1 300,995,350,1023,1 10,404,70,429,1 237,0,283,14,1
hw1_dataset/train/000000000266.jpg 245,296,717,464,2 835,163,894,252,2 0,202,85,282,2 125,193,205,270,2 910,176,953,243,2 213,197,258,251,2 263,181,294,227,2 956,202,997,240,2
hw1_dataset/train/000000000267.jpg 0,389,767,1023,4 485,370,583,580,0 0,659,153,845,0 64,817,128,903,0 287,815,416,893,0 0,830,30,889,0
hw1_dataset/train/000000000268.jpg 343,388,614,645,0 244,0,757,326,4
hw1_dataset/train/000000000269.jpg 490,28,672,140,0 155,663,230,689,0
hw1_dataset/train/000000000270.jpg 114,556,425,790,6
hw1_dataset/train/000000000271.jpg 383,459,491,526,4 448,532,478,571,0 417,619,444,650,0 330,726,364,748,0 304,661,336,680,0 336,644,367,661,0
hw1_dataset/train/000000000272.jpg 335,134,533,328,1 220,154,352,320,1 14,848,260,1009,1 4,582,148,725,1 169,564,354,693,1 16,0,249,119,1 213,768,371,887,1 505,635,684,753,1 725,714,767,821,1 675,887,767,971,1 717,644,767,711,1
hw1_dataset/train/000000000273.jpg 508,281,668,637,4 560,239,685,460,4 304,43,436,236,4 192,579,216,652,0 778,680,804,735,0 254,458,302,488,0 261,428,273,457,0 147,637,163,666,0 624,721,651,741,0
hw1_dataset/train/000000000274.jpg 380,511,656,632,6 356,893,397,1009,0 316,896,367,979,0 212,482,343,553,6 421,863,452,917,0 462,790,487,832,0 442,703,490,730,0
hw1_dataset/train/000000000275.jpg 315,476,587,565,6 376,252,585,339,4 0,545,177,599,0 418,7,502,50,0 375,75,438,117,0 380,30,485,71,0 249,0,394,23,0
hw1_dataset/train/000000000276.jpg 182,361,553,699,0 223,0,383,214,0 605,639,734,829,0 580,506,683,653,0 675,491,746,618,0 647,390,768,505,0 691,775,768,854,0 578,906,632,971,0 635,861,710,924,0 189,842,248,895,0 543,779,600,832,0 502,771,540,823,0 316,912,427,963,0 273,842,344,888,0 460,859,520,904,0 77,905,165,949,0 0,925,55,969,0 387,817,460,860,0 571,741,609,782,0 367,869,422,909,0 125,865,190,903,0 434,805,492,836,0 518,828,553,915,0
hw1_dataset/train/000000000277.jpg 167,427,768,840,2
hw1_dataset/train/000000000278.jpg 161,574,297,649,6 47,68,116,130,0 104,115,168,173,0 183,141,240,197,0 52,20,149,75,0 0,140,79,196,0 0,54,45,108,0 549,500,675,550,6 298,201,370,249,0 147,62,214,110,0 0,209,114,258,4 595,150,672,195,0 230,111,272,155,0 177,99,230,139,0 455,311,524,351,0 362,150,422,189,0 251,168,294,205,0 546,254,610,289,0 536,175,581,210,0 385,232,443,266,0 482,181,532,213,0 311,155,352,186,0 38,0,127,30,0 598,233,643,262,0 635,208,686,237,0 372,203,422,229,0 292,129,339,154,0 462,154,521,177,0 633,279,676,301,0
hw1_dataset/train/000000000279.jpg 0,470,196,690,0 250,516,471,721,5 259,881,754,1023,0
hw1_dataset/train/000000000280.jpg 192,374,615,631,3 509,0,593,137,3 600,47,687,134,3
hw1_dataset/train/000000000281.jpg 491,207,575,345,0 187,252,424,367,0 213,528,553,720,0 67,397,575,561,0 60,400,325,469,0 63,338,387,403,0 154,29,532,133,0
hw1_dataset/train/000000000282.jpg 499,109,585,229,0 567,117,635,234,0 652,261,751,372,0 446,0,543,109,0 7,455,48,557,0 552,559,660,659,0 504,343,590,438,0 805,259,863,354,0 552,277,624,371,0 345,555,389,647,0 455,135,514,227,0 635,182,706,274,0 588,242,680,332,0 267,462,306,551,0 456,299,533,378,0 254,243,293,312,0 218,387,249,456,0 313,285,341,353,0 323,437,353,505,0 135,389,162,454,0 557,382,632,446,0 592,445,644,507,0 312,203,348,263,0 334,505,363,564,0 154,307,184,364,0 213,312,240,365,0 437,104,480,154,0 351,160,375,208,0 44,367,66,415,0 298,382,323,427,0 323,386,357,431,0 378,225,423,262,0 467,523,487,559,0 484,652,505,687,0 412,656,441,690,0 401,176,434,209,0 200,107,219,140,0 512,553,530,586,0 189,0,213,29,0 805,464,858,493,0 454,556,463,584,0 424,627,441,653,0 466,579,479,604,0 269,139,283,162,0 220,122,247,144,0 202,78,230,100,0 219,160,230,179,0 441,564,453,583,0 173,159,194,178,0 262,51,279,69,0 293,106,313,123,0 315,98,328,112,0 965,605,966,606,0 329,286,397,529,6
hw1_dataset/train/000000000283.jpg 0,103,329,350,0 401,556,716,797,4 195,345,502,522,0 117,0,212,142,0 695,337,767,458,0 0,505,30,623,0 99,340,180,446,0 150,726,322,818,4 0,373,63,452,0 0,237,92,305,0 0,497,87,561,0
hw1_dataset/train/000000000284.jpg 589,0,767,288,0 160,675,423,905,0 283,151,483,337,0 435,696,643,845,0 141,324,246,418,0 227,140,303,177,0 157,176,193,199,0 651,217,679,236,0
hw1_dataset/train/000000000285.jpg 435,502,669,721,5
hw1_dataset/train/000000000286.jpg 248,447,410,610,5
hw1_dataset/train/000000000287.jpg 358,435,439,559,2 295,375,322,435,2 447,377,474,433,2 565,375,591,428,2 485,352,516,395,2 725,369,747,411,2 519,391,561,432,2 600,377,625,416,2 619,374,636,409,2 421,381,438,409,2 685,390,703,412,2 379,380,404,417,2
hw1_dataset/train/000000000288.jpg 538,172,647,269,0 773,322,907,390,0 319,683,407,725,0 97,468,215,565,0
hw1_dataset/train/000000000289.jpg 353,484,469,560,6
hw1_dataset/train/000000000290.jpg 372,528,548,652,6 506,188,624,269,0 335,108,496,181,4 169,453,332,523,0 51,256,205,311,0 98,207,191,260,0
hw1_dataset/train/000000000291.jpg 342,525,527,818,4 95,546,459,701,4 508,273,716,846,0
hw1_dataset/train/000000000292.jpg 81,347,557,697,0 414,657,722,1023,0
hw1_dataset/train/000000000293.jpg 74,2,311,111,4 1,93,92,202,4 118,363,249,445,4 368,230,463,307,4 540,333,734,403,4 124,60,221,112,0 410,85,484,134,0 642,98,702,142,0 271,186,361,227,0 522,143,591,183,0 705,232,767,272,0 163,128,269,166,0 290,171,378,208,0 487,173,564,209,0 459,141,551,177,0 621,166,691,202,0 155,137,247,173,0 567,157,617,192,0 472,129,540,162,0 381,493,453,526,6 687,140,751,173,0 514,440,581,472,0 425,123,487,155,0 594,127,661,158,0 589,436,645,461,0
hw1_dataset/train/000000000294.jpg 365,522,492,577,6 362,333,491,385,6
hw1_dataset/train/000000000295.jpg 901,448,1022,561,0 938,316,1023,443,0 800,203,854,301,0 638,328,757,411,0 673,374,850,469,0 430,302,556,402,0 501,121,621,224,0 563,128,625,170,0 270,95,385,140,0 267,338,383,448,0 57,261,132,330,0 87,174,153,247,0 59,131,117,186,0 700,99,793,136,0 38,9,103,39,0
hw1_dataset/train/000000000296.jpg 235,441,591,613,6
hw1_dataset/train/000000000297.jpg 129,416,767,853,4 322,877,530,1020,0 0,819,85,899,0 142,378,185,448,0
hw1_dataset/train/000000000298.jpg 521,372,759,456,4 219,855,309,939,0 0,289,92,369,0 279,583,464,652,4 182,324,320,392,0 546,552,712,616,4 695,704,768,758,4 261,386,378,437,0 0,449,102,499,0 123,372,261,421,0 1,409,70,455,0 227,535,367,581,0 242,460,354,505,0 304,421,408,465,0 220,412,317,453,0 92,414,199,452,0 339,452,436,490,0 79,442,146,475,0
hw1_dataset/train/000000000299.jpg 224,495,496,600,2
hw1_dataset/train/000000000300.jpg 355,552,616,782,0 127,676,370,863,0 113,169,235,288,0 234,174,313,242,0 88,115,152,147,0 89,96,159,125,0
hw1_dataset/train/000000000301.jpg 342,739,568,885,6 522,614,669,714,0 117,114,309,212,4 402,197,594,287,4 0,64,189,149,6 512,379,602,447,0 665,2,767,67,0 651,67,768,124,0 715,366,768,421,0 647,538,742,578,6
hw1_dataset/train/000000000302.jpg 436,328,513,710,0 396,126,500,271,4 423,630,533,767,4
hw1_dataset/train/000000000303.jpg 617,382,767,470,4 0,306,131,391,0 550,573,749,651,4 107,867,167,942,0 51,588,194,661,4 153,373,284,426,0 200,353,338,405,0 334,479,417,526,0 191,540,327,586,0 0,450,96,496,0 267,412,382,456,0 252,472,355,516,0 139,425,237,462,0 92,446,176,483,0 342,436,403,472,0 0,407,24,439,0 418,652,637,763,4
hw1_dataset/train/000000000304.jpg 80,49,277,155,3 278,518,393,594,3 62,239,211,366,3
hw1_dataset/train/000000000305.jpg 380,523,469,623,2 601,441,650,531,2 296,491,349,576,2 476,489,501,558,2 545,451,591,514,2 508,471,540,524,2 15,535,74,578,2 185,537,215,575,2 696,485,717,520,2 62,478,89,512,2 730,495,759,527,2 742,447,760,473,2 135,500,149,523,2
hw1_dataset/train/000000000306.jpg 281,136,386,243,3 325,532,494,680,3 287,440,365,520,3 263,669,338,757,3
hw1_dataset/train/000000000307.jpg 114,348,571,650,4 96,864,409,1009,0 715,28,768,102,0 530,421,611,470,0
hw1_dataset/train/000000000308.jpg 351,566,575,682,0 0,508,240,614,0 355,485,495,801,4
hw1_dataset/train/000000000309.jpg 506,591,673,734,1 601,810,732,948,1 101,493,328,587,1 73,380,217,473,1 444,935,575,1023,1 72,296,209,383,1 232,917,378,1024,1
hw1_dataset/train/000000000310.jpg 352,276,437,489,0 444,22,531,166,0 409,370,512,612,0 430,415,598,542,0 299,435,377,630,0
hw1_dataset/train/000000000311.jpg 84,202,281,426,4 430,646,469,766,0 230,679,277,768,0 386,464,420,533,0 796,180,829,233,0 724,257,766,306,0 618,613,643,657,0 526,341,644,383,0 605,295,682,329,0 371,733,387,767,0
hw1_dataset/train/000000000312.jpg 211,501,634,667,4
hw1_dataset/train/000000000313.jpg 275,294,609,704,5
hw1_dataset/train/000000000314.jpg 300,171,629,663,0 116,321,328,714,0 24,437,171,667,0
hw1_dataset/train/000000000315.jpg 25,294,575,529,4
hw1_dataset/train/000000000316.jpg 506,712,616,848,5 244,555,349,661,5 530,595,616,698,5 162,656,301,748,5 285,421,344,475,5 236,374,301,437,5
hw1_dataset/train/000000000317.jpg 217,471,416,612,4 649,269,767,398,0 107,897,300,1023,4 506,397,552,485,6 537,478,586,563,0 339,857,485,936,0 687,399,767,475,0 725,356,768,430,0 658,522,726,589,0 512,483,544,549,0 464,538,492,603,0 372,787,464,849,4 589,538,658,599,0 439,477,484,537,0 523,708,680,761,4 669,592,746,634,0 719,648,768,687,0 630,557,706,595,0
hw1_dataset/train/000000000318.jpg 191,262,312,419,1 161,702,327,858,1 233,515,375,640,1 479,506,677,618,1 95,403,240,506,1 313,770,459,861,1 600,598,718,665,1 106,719,177,777,1 510,851,641,909,1 381,887,473,943,1 614,803,707,857,1 503,926,624,974,1 403,748,556,792,1 667,552,768,673,1
hw1_dataset/train/000000000319.jpg 155,109,579,510,0 278,6,584,269,0 174,520,442,708,4 447,841,768,1023,4 490,424,701,588,0 0,298,136,429,0 667,313,767,440,0 581,358,658,472,0 641,392,768,495,0 357,389,529,479,0 653,497,767,584,0 403,453,496,518,0 321,733,453,796,0 232,717,295,774,4 459,587,585,640,0 56,570,149,618,0 237,558,298,597,0 0,559,59,600,0 198,570,248,602,0 150,572,196,601,0 553,0,767,317,4
hw1_dataset/train/000000000320.jpg 181,3,253,208,0 401,468,589,607,4 282,142,404,280,0 91,266,148,342,0 170,582,260,654,4 131,367,234,434,0 6,671,99,737,4 9,370,52,436,0 187,335,310,391,0 0,305,72,359,0 46,421,88,471,0 41,355,99,397,0 148,269,198,303,0 123,299,176,332,0 68,0,159,165,0
hw1_dataset/train/000000000321.jpg 169,274,330,444,3 565,287,634,388,3 599,279,653,360,3 415,251,460,313,3 482,322,552,378,3
hw1_dataset/train/000000000322.jpg 311,340,607,526,6 615,686,684,745,0
hw1_dataset/train/000000000323.jpg 352,235,463,364,3 269,217,316,290,3 178,213,239,278,3 828,68,885,128,3 308,236,366,281,3 407,242,449,287,3
hw1_dataset/train/000000000324.jpg 177,385,356,567,1 0,254,94,414,1 191,889,286,1024,1 225,805,403,938,1 427,401,565,520,1 0,695,84,811,1 342,231,497,325,1 468,1,578,76,1 462,268,562,358,1
hw1_dataset/train/000000000325.jpg 712,100,958,240,0 780,287,911,389,0 0,156,94,228,0 483,239,742,396,0
hw1_dataset/train/000000000326.jpg 43,160,582,673,0
hw1_dataset/train/000000000327.jpg 0,461,512,719,2
hw1_dataset/train/000000000328.jpg 269,259,339,380,3
hw1_dataset/train/000000000329.jpg 92,381,729,709,0
hw1_dataset/train/000000000330.jpg 356,441,596,631,6 535,786,767,924,4 399,809,559,923,6 343,800,396,870,0 282,735,345,790,0 187,663,222,712,0
hw1_dataset/train/000000000331.jpg 465,273,703,578,6 335,284,359,325,0 549,685,570,717,0 611,739,637,768,0 487,616,512,639,0 681,642,695,684,0
hw1_dataset/train/000000000332.jpg 151,175,319,407,0 327,147,471,317,0 467,273,580,428,0 258,406,321,509,0 185,665,289,768,0 623,510,777,597,0 837,298,975,374,0 779,373,998,441,0 557,628,751,686,0 272,595,387,768,0
hw1_dataset/train/000000000333.jpg 507,613,604,716,0 565,439,633,517,0 348,626,372,665,0 554,686,590,725,0 230,465,266,481,0 421,91,505,324,4
hw1_dataset/train/000000000334.jpg 69,155,172,249,3
hw1_dataset/train/000000000335.jpg 674,435,737,491,5 304,417,389,455,5
hw1_dataset/train/000000000336.jpg 0,471,258,641,4
hw1_dataset/train/000000000337.jpg 107,505,369,620,6 379,464,631,574,6 136,571,450,725,6
hw1_dataset/train/000000000338.jpg 411,334,741,550,2 110,442,332,518,2
hw1_dataset/train/000000000339.jpg 521,591,579,674,2 207,541,240,598,2 96,546,130,601,2 133,550,156,599,2 22,553,81,602,2 161,550,180,598,2 284,513,329,559,2 456,472,488,516,2 52,540,90,581,2 248,520,271,558,2 23,525,52,562,2 544,476,575,507,2 171,569,209,598,2 390,548,420,573,2 0,557,20,576,2 497,725,712,801,2
hw1_dataset/train/000000000340.jpg 349,397,608,535,2 0,176,53,306,2 53,89,128,183,2 602,131,659,219,2 373,101,414,172,2 2,105,39,175,2 144,110,182,168,2 332,117,366,175,2 646,130,692,187,2 253,77,272,124,2 271,90,297,135,2 342,52,372,92,2 208,136,258,171,2 474,133,497,155,2
hw1_dataset/train/000000000341.jpg 255,193,364,361,0
hw1_dataset/train/000000000342.jpg 67,685,215,870,5 329,474,493,614,5 532,696,714,896,5
hw1_dataset/train/000000000343.jpg 176,398,647,587,3 561,88,686,261,3 481,108,546,270,3 618,103,711,252,3
hw1_dataset/train/000000000344.jpg 352,712,426,801,2 481,463,533,550,2 519,463,575,548,2 239,446,281,513,2 633,483,675,548,2 7,456,55,516,2 307,456,337,502,2 101,454,132,499,2 270,451,285,495,2 696,461,726,504,2 293,455,310,496,2 137,467,168,503,2 274,402,293,435,2 169,445,213,467,2 0,732,247,832,2
hw1_dataset/train/000000000345.jpg 61,507,363,688,5 419,503,678,690,5
hw1_dataset/train/000000000346.jpg 231,411,630,663,2 275,150,370,261,2 728,61,764,136,2 543,84,597,148,2 679,82,730,146,2 245,254,359,314,2 585,84,623,141,2 421,96,475,147,2 619,104,673,134,2 496,93,531,138,2
hw1_dataset/train/000000000347.jpg 72,183,599,614,6
hw1_dataset/train/000000000348.jpg 387,311,608,467,2
hw1_dataset/train/000000000349.jpg 80,812,194,910,0 184,388,310,462,4 247,35,327,104,0 2,142,71,209,0 235,553,385,613,4 496,442,673,502,4 292,40,397,99,0 267,455,386,513,0 0,566,120,621,0 303,198,391,242,0 0,394,67,438,0 249,175,328,211,0 301,3,404,38,0 739,274,768,347,0
hw1_dataset/train/000000000350.jpg 64,61,834,620,0
hw1_dataset/train/000000000351.jpg 245,445,375,611,1 293,18,365,171,1 170,528,307,671,1 627,511,708,650,1 158,281,287,417,1 681,591,772,726,1 773,322,874,456,1 89,340,198,465,1 318,491,417,614,1 979,448,1023,572,1 253,66,316,185,1 508,51,555,169,1 551,261,681,378,1 552,578,624,694,1 555,112,604,227,1 588,333,691,448,1 379,150,495,263,1 400,98,465,208,1 676,330,773,437,1 762,250,834,357,1 833,224,899,330,1 847,462,924,568,1 89,516,194,621,1 455,448,562,553,1 292,632,378,737,1 9,1,159,104,1 365,419,451,520,1 287,276,439,371,1 712,45,806,139,1 749,159,848,252,1 689,486,738,577,1 475,327,554,415,1 609,172,663,260,1 569,1,632,84,1 483,1,538,82,1 669,279,740,360,1 291,687,409,767,1 228,371,303,451,1 893,262,939,342,1 831,571,922,649,1 748,235,790,309,1 405,345,464,414,1 887,214,946,283,1 309,352,392,418,1 745,1,833,67,1 194,111,270,176,1 220,247,281,309,1 315,230,396,291,1 656,448,711,505,1 599,538,694,593,1 550,693,599,748,1 480,272,572,326,1 320,609,424,661,1 667,242,709,291,1 920,484,983,530,1 203,400,233,441,1
hw1_dataset/train/000000000352.jpg 318,559,664,797,3 668,73,748,226,3 357,232,411,343,3 220,250,298,345,3 417,251,467,334,3 411,125,475,201,3 73,211,142,287,3 307,132,376,188,3 627,327,729,393,3
hw1_dataset/train/000000000353.jpg 297,518,594,679,4
hw1_dataset/train/000000000354.jpg 263,462,516,622,4 498,829,632,889,0 660,490,716,540,0 621,533,720,580,0 528,488,583,530,0 446,487,502,528,0 596,551,670,586,0
hw1_dataset/train/000000000355.jpg 218,460,717,658,2 503,506,768,607,2 17,348,73,423,2 107,369,180,431,2 337,380,381,437,2 265,380,310,432,2 364,357,397,399,2
hw1_dataset/train/000000000356.jpg 360,499,444,598,2 474,430,518,510,2 601,435,657,509,2 430,439,459,508,2 283,412,310,469,2 184,421,218,474,2 30,419,54,472,2 307,416,335,461,2 208,390,236,435,2 59,414,86,458,2 634,420,663,463,2 660,430,674,469,2 170,418,191,455,2 240,422,264,456,2 97,419,112,452,2 521,425,539,452,2 417,414,446,452,2
hw1_dataset/train/000000000357.jpg 411,637,702,950,5 120,398,597,552,0
hw1_dataset/train/000000000358.jpg 120,526,448,659,3 65,214,358,344,3 291,243,532,353,3 101,768,162,835,3 495,368,640,428,3
hw1_dataset/train/000000000359.jpg 547,38,747,185,0 476,634,650,748,6 425,453,658,562,4 319,516,381,608,4 647,199,767,283,0 0,444,140,519,4 235,747,331,819,0 242,689,328,753,0 396,456,535,512,4 332,296,425,344,0 455,316,560,363,0 601,340,701,386,0 521,329,633,372,0 381,367,461,409,0 504,51,612,92,0 557,372,648,404,0 472,365,567,409,0
hw1_dataset/train/000000000360.jpg 0,446,119,607,4
hw1_dataset/train/000000000361.jpg 121,404,526,592,6 36,900,118,1017,0 183,915,234,993,0 223,847,260,907,0 282,834,355,882,0 260,805,295,867,0
hw1_dataset/train/000000000362.jpg 131,353,665,617,4 321,80,490,267,0 56,0,286,142,0 94,246,232,355,0 274,147,402,253,0 0,456,51,486,0
hw1_dataset/train/000000000363.jpg 160,508,402,625,6 124,306,217,384,0 0,313,121,392,0
hw1_dataset/train/000000000364.jpg 163,294,1006,589,2 954,206,995,250,2 59,250,93,294,2 271,248,303,285,2 103,255,133,292,2 215,255,243,292,2 154,257,187,291,2 39,254,57,285,2 310,229,328,260,2 890,198,932,265,2
hw1_dataset/train/000000000365.jpg 451,441,703,700,0 266,0,360,168,0 688,54,752,199,0 22,0,86,58,0
hw1_dataset/train/000000000366.jpg 57,434,582,618,0 695,452,767,536,0
hw1_dataset/train/000000000367.jpg 64,172,562,679,3
hw1_dataset/train/000000000368.jpg 293,152,630,379,0 0,0,461,159,4 309,332,378,420,0 124,823,262,894,0 365,684,496,748,4 313,635,412,697,4 195,412,297,466,0 220,453,268,506,0 222,370,306,420,0 278,466,348,515,0 0,434,60,479,0 0,534,54,579,0 0,614,76,659,0 136,407,213,451,0 45,439,134,482,0 94,507,167,550,0 128,446,197,486,0 317,424,402,460,0 218,491,275,525,0
hw1_dataset/train/000000000369.jpg 359,366,443,485,2 161,659,488,764,2 205,354,248,457,2 226,365,290,455,2 419,410,470,484,2 673,452,731,521,2 568,435,600,504,2 542,444,580,508,2 535,440,554,501,2 337,407,367,467,2
hw1_dataset/train/000000000370.jpg 109,352,541,594,4 601,199,767,335,0 697,27,768,159,0 745,435,768,483,0 657,550,727,590,0 586,551,650,588,0 653,895,768,985,0
hw1_dataset/train/000000000371.jpg 572,509,666,582,4 541,539,625,590,4 499,252,563,301,4 565,302,588,338,0 601,229,614,255,0 581,390,605,441,0
hw1_dataset/train/000000000372.jpg 510,598,740,740,4 296,348,466,480,4 316,506,439,622,4 477,123,610,196,0 127,88,246,153,0 245,627,425,680,4 103,153,225,197,0 0,104,80,147,0 0,181,54,222,0 0,102,104,131,0 0,45,85,93,0
hw1_dataset/train/000000000373.jpg 2,350,266,476,0 92,496,500,640,0
hw1_dataset/train/000000000374.jpg 320,622,627,789,6
hw1_dataset/train/000000000375.jpg 97,834,271,978,1 585,766,708,880,1 632,338,752,443,1 259,845,385,946,1 58,297,164,396,1 502,893,636,987,1 3,186,122,280,1 463,426,605,504,1 245,796,375,868,1
hw1_dataset/train/000000000376.jpg 405,295,489,333,0 394,390,464,431,0 433,441,522,487,0 711,485,844,536,0 706,403,818,461,0 691,418,795,477,0 477,542,565,575,0 680,654,810,733,0 5,281,232,408,0 55,221,260,312,0 317,375,377,417,0 323,455,414,499,0 535,368,627,411,0 569,316,645,365,0 927,461,1023,516,0 572,448,635,475,0 430,339,506,384,0 662,387,747,419,0 308,445,364,478,0 191,419,295,458,0 295,391,363,428,0 362,301,423,334,0 117,172,159,228,0 271,210,452,277,0 685,257,717,285,0 209,348,285,372,0 870,592,905,656,0 830,611,865,670,0 760,703,844,745,0 243,265,296,303,0 194,282,262,310,0 928,487,975,526,0 968,555,1008,598,0 531,345,557,365,0 558,366,609,393,0 657,350,745,428,0 250,473,311,507,0 480,187,513,215,0 453,196,484,213,0 443,213,480,241,0
hw1_dataset/train/000000000377.jpg 129,148,410,575,0
hw1_dataset/train/000000000378.jpg 0,131,224,348,0 84,355,439,534,6 273,603,664,935,6
hw1_dataset/train/000000000379.jpg 330,438,497,590,6 622,584,740,684,0 508,563,617,642,0 447,100,768,256,4
hw1_dataset/train/000000000380.jpg 224,547,579,777,6
hw1_dataset/train/000000000381.jpg 0,205,767,860,3 460,301,533,389,3 405,272,464,357,3
hw1_dataset/train/000000000382.jpg 190,362,476,587,6 929,32,971,98,0 728,616,758,664,0 196,35,226,76,0 241,54,269,94,0 996,299,1007,332,0 333,10,403,42,0 325,266,345,296,0 1008,51,1023,80,0 138,53,174,78,0 321,0,380,24,0 207,88,224,112,0 976,398,1020,417,0 405,152,464,171,0 841,204,898,221,0 373,130,399,146,0 361,101,385,117,0 388,83,445,97,0 548,322,585,335,0 110,125,143,136,0 529,209,545,220,0
hw1_dataset/train/000000000383.jpg 0,468,95,592,3 350,291,408,406,3 650,168,741,280,3 399,302,461,396,3 220,316,292,410,3 90,271,136,346,3 396,184,449,255,3 628,386,719,453,3 300,193,372,249,3
hw1_dataset/train/000000000384.jpg 388,127,498,271,0 661,181,836,314,0 413,623,523,754,0 5,58,77,179,0 383,298,456,403,0 628,655,730,735,0 283,631,448,709,0 96,689,180,767,0 161,675,225,753,0 35,515,78,586,0 311,294,358,357,0 45,282,93,331,0 44,0,95,43,0
hw1_dataset/train/000000000385.jpg 291,606,506,740,1 75,575,259,706,1 560,530,658,604,1 221,418,387,490,1 0,698,171,765,1 414,536,480,581,1 477,533,564,565,1
hw1_dataset/train/000000000386.jpg 856,58,910,134,0 573,120,612,191,0 739,112,785,180,0 616,177,741,235,0 672,0,711,45,0 667,46,774,89,0 735,0,795,34,0
hw1_dataset/train/000000000387.jpg 114,587,315,732,1 362,673,558,797,1 0,561,159,681,1 211,379,358,473,1 600,668,689,742,1 497,570,578,603,1 360,527,437,593,1
hw1_dataset/train/000000000388.jpg 1,219,111,500,0 688,772,767,835,0 575,786,714,840,0 343,784,507,837,0 524,725,655,775,0 472,725,581,775,0 460,775,548,824,0 315,732,463,780,0 636,679,728,711,0 80,535,717,780,6
hw1_dataset/train/000000000389.jpg 385,504,611,650,1 0,785,168,915,1 0,177,24,303,1 563,519,762,627,1 22,538,242,644,1 0,708,115,815,1 401,769,534,861,1 0,513,41,602,1 266,800,381,861,1 200,652,306,705,1 333,785,421,835,1 260,780,327,829,1 0,942,97,1023,1
hw1_dataset/train/000000000390.jpg 352,380,434,486,2 244,649,516,751,2 225,360,293,462,2 216,367,247,457,2 674,459,728,515,2 561,440,603,496,2 535,452,573,503,2 331,412,360,452,2
hw1_dataset/train/000000000391.jpg 446,347,568,526,3 353,553,649,678,3 322,303,392,408,3 226,299,360,403,3 264,397,409,473,3 692,216,749,290,3 584,218,664,261,3 422,166,508,223,3
hw1_dataset/train/000000000392.jpg 0,65,175,356,0 116,0,418,289,0 170,224,286,391,0 427,0,548,162,0 274,313,455,472,0 54,663,178,756,0 79,563,235,635,0 49,480,146,548,0 0,486,32,546,0 405,278,751,746,4
hw1_dataset/train/000000000393.jpg 161,131,337,222,3 0,35,58,95,3 270,608,434,750,3
hw1_dataset/train/000000000394.jpg 451,95,618,241,0 200,497,433,633,0 334,495,498,613,0 709,143,768,199,0 313,88,379,117,0 655,101,718,127,0
hw1_dataset/train/000000000395.jpg 524,48,628,198,0 148,97,182,167,0 294,10,331,73,0 350,152,407,208,0 524,463,570,512,0 526,3,596,51,0 302,437,362,483,0 424,192,450,234,0 266,22,294,62,0 239,196,262,231,0 233,23,260,57,0 202,0,238,32,0 475,220,500,252,0 411,297,468,329,0 284,168,311,199,0 169,198,194,227,0 333,399,365,426,0 288,513,330,543,0
hw1_dataset/train/000000000396.jpg 508,408,719,490,4 675,531,768,607,4 318,764,429,836,0 238,524,360,589,4 169,54,300,103,0 127,428,266,476,0 170,186,293,231,0 167,152,286,197,0 415,468,614,506,4 154,105,247,138,0
hw1_dataset/train/000000000397.jpg 436,112,531,314,0 341,389,416,582,0 462,345,613,534,0 308,565,389,749,0 405,571,479,738,0 479,0,546,132,0
hw1_dataset/train/000000000398.jpg 43,180,748,747,5 498,437,671,661,5 65,354,433,577,5 1,741,155,822,5 321,725,497,787,5
hw1_dataset/train/000000000399.jpg 707,185,961,279,0
hw1_dataset/train/000000000400.jpg 417,875,598,1024,6 136,714,323,854,6 659,548,767,648,4 203,252,659,713,6
hw1_dataset/train/000000000401.jpg 292,100,479,703,4
hw1_dataset/train/000000000402.jpg 188,642,414,867,1 11,739,202,916,1 384,319,574,467,1 0,764,70,939,1
hw1_dataset/train/000000000403.jpg 1,69,613,727,5 449,532,746,817,5
hw1_dataset/train/000000000404.jpg 358,183,483,309,1 321,322,434,416,1 424,582,495,661,1 532,732,575,804,1 223,685,296,752,1 411,962,516,1023,1 56,766,91,824,1 168,451,237,508,1 258,357,312,407,1 292,712,337,757,1 74,0,188,42,1 47,488,89,529,1 488,836,531,876,1 7,393,32,428,1 557,644,575,676,1 380,460,431,491,1 445,361,474,391,1 451,776,483,804,1 137,621,178,645,1 154,935,212,996,1
hw1_dataset/train/000000000405.jpg 1,623,529,872,2 193,102,573,212,2
hw1_dataset/train/000000000406.jpg 118,224,238,507,6 814,356,917,452,0 971,104,1000,195,0 709,450,803,536,0 350,504,373,563,0 289,509,307,561,0 177,547,191,592,0 223,519,234,555,0 152,509,198,544,0 334,201,405,529,4
hw1_dataset/train/000000000407.jpg 0,466,134,642,0 126,436,480,558,0 0,581,357,697,0
hw1_dataset/train/000000000408.jpg 185,166,466,600,3
hw1_dataset/train/000000000409.jpg 279,203,660,721,0 390,188,494,347,0
hw1_dataset/train/000000000410.jpg 515,388,545,443,0 365,234,391,259,0
hw1_dataset/train/000000000411.jpg 365,278,422,389,6 360,430,401,530,4 684,570,699,649,0 621,624,639,702,0 494,491,520,561,0 510,311,533,360,0 439,522,450,555,0 464,448,476,477,0 531,579,561,601,0 566,565,583,584,0 354,656,360,673,0 333,676,343,692,0 593,719,609,734,0 263,561,269,575,0 494,440,508,453,0 325,657,332,670,0 482,323,503,335,0 276,534,280,544,0 362,628,372,636,0 384,650,393,657,0
hw1_dataset/train/000000000412.jpg 247,535,393,835,0 586,456,721,732,0 136,437,216,691,0 353,201,457,414,0 359,336,416,489,0 276,471,358,562,0 472,682,595,769,0 355,772,533,855,0 113,798,155,878,0 159,805,212,881,0 246,871,359,945,0 161,738,216,809,0 151,953,221,1023,0 0,881,93,950,0 54,942,95,1004,0 83,884,153,939,0
hw1_dataset/train/000000000413.jpg 347,178,570,595,4 5,645,84,689,0
hw1_dataset/train/000000000414.jpg 284,446,621,738,0 442,750,767,1015,0
hw1_dataset/train/000000000415.jpg 93,342,768,1010,4 533,875,661,998,0
hw1_dataset/train/000000000416.jpg 79,575,215,767,0 832,1,911,190,0 696,5,793,153,0 317,153,410,289,0 293,274,361,394,0 253,81,360,173,0 875,271,956,444,0
hw1_dataset/train/000000000417.jpg 196,165,269,280,4 461,61,572,130,4 298,402,388,463,4 444,583,474,626,0 259,669,285,709,0 472,357,492,393,0 686,502,700,534,0 281,484,301,511,0 251,462,269,484,0 707,573,721,593,0 616,521,640,540,0 385,623,417,642,0 378,252,387,271,0 374,319,383,338,0 311,481,325,499,0 351,273,362,286,0 376,196,387,208,0 301,663,329,674,0 199,149,205,157,0 638,516,657,523,0 557,430,618,562,4
hw1_dataset/train/000000000418.jpg 295,577,419,677,2
hw1_dataset/train/000000000419.jpg 247,480,493,711,3 72,84,140,180,3 136,168,232,268,3
hw1_dataset/train/000000000420.jpg 202,309,363,510,3 124,228,187,329,3 627,278,720,369,3 366,267,424,349,3 161,544,213,597,3 402,169,486,207,3 243,146,290,178,3
hw1_dataset/train/000000000421.jpg 357,443,515,543,6
hw1_dataset/train/000000000422.jpg 56,362,761,720,0
hw1_dataset/train/000000000423.jpg 138,606,669,843,4 467,44,621,240,0 647,418,768,600,0 475,299,585,481,0 57,182,223,333,0 443,196,574,334,0 0,494,162,612,4 650,388,741,487,0 194,317,302,407,0 373,319,453,390,0 469,402,599,471,0 311,345,349,412,0 216,609,323,672,0 318,419,412,475,4 400,373,514,427,0 269,463,368,515,0 85,436,146,482,0 225,430,298,472,0 0,441,46,478,0 54,443,102,480,0 160,477,185,510,0 221,395,292,441,0
hw1_dataset/train/000000000424.jpg 0,292,358,495,2 342,455,612,516,2
hw1_dataset/train/000000000425.jpg 201,359,510,546,0
hw1_dataset/train/000000000426.jpg 213,0,283,138,0 375,304,501,403,0 456,732,494,830,0 215,195,289,267,0 46,527,168,595,0 101,171,153,209,0 72,113,101,148,0 1,567,134,642,0
hw1_dataset/train/000000000427.jpg 350,342,468,564,0 111,373,172,483,0 118,382,214,575,0
hw1_dataset/train/000000000428.jpg 213,127,361,583,6 794,428,827,586,0 943,248,971,418,0
hw1_dataset/train/000000000429.jpg 907,289,1023,443,0 890,196,1023,293,0 901,482,1021,609,0 627,415,1016,718,0 743,60,820,136,0 704,1,816,60,0 321,681,362,735,0
hw1_dataset/train/000000000430.jpg 101,455,545,721,6
hw1_dataset/train/000000000431.jpg 277,488,355,545,0 519,521,575,589,0 185,307,261,367,0 379,226,466,294,0 236,192,304,250,0 132,207,187,254,0 173,217,210,271,0 119,229,157,276,0 420,108,473,141,0 124,125,157,165,0 416,59,467,92,0 383,23,421,66,0 180,391,222,464,0 203,183,241,228,0 280,107,311,153,0 538,89,575,189,0
hw1_dataset/train/000000000433.jpg 356,481,552,618,6
hw1_dataset/train/000000000434.jpg 177,241,372,391,0 895,37,1023,175,0 368,247,485,328,0 869,56,958,136,0 685,165,782,241,0 660,291,726,425,0
hw1_dataset/train/000000000435.jpg 153,0,729,229,3 362,604,544,721,3 0,196,123,322,3
hw1_dataset/train/000000000436.jpg 81,383,611,688,0
hw1_dataset/train/000000000437.jpg 362,619,438,687,0 331,569,392,639,0 314,543,369,616,0 281,520,312,580,0 438,531,507,607,0 472,480,532,546,0 391,488,461,557,0 374,534,420,572,0 464,377,538,454,0 525,249,616,352,0 492,303,551,351,0 368,336,437,381,0 416,260,470,319,0 379,226,446,288,0 520,108,582,184,0 455,4,536,137,0 422,590,481,608,0 464,249,533,287,0 495,79,540,135,0
hw1_dataset/train/000000000438.jpg 360,500,414,609,6
hw1_dataset/train/000000000439.jpg 284,526,628,680,4 508,439,665,522,4 172,665,244,743,0 212,717,367,782,0 0,401,77,464,4 590,273,710,324,0 482,246,606,296,0 95,238,224,287,0 59,279,178,324,0
hw1_dataset/train/000000000440.jpg 105,344,767,787,0 585,439,768,635,0 260,204,450,367,0 585,221,704,337,0 562,288,599,325,0
hw1_dataset/train/000000000441.jpg 166,483,233,550,1 383,777,482,838,1 469,609,543,669,1 541,245,575,288,1 0,752,20,789,1 548,523,575,561,1 445,775,479,809,1 211,113,264,141,1 171,818,214,852,1
hw1_dataset/train/000000000442.jpg 40,301,575,512,4
hw1_dataset/train/000000000443.jpg 0,244,724,685,4 321,135,714,251,4 47,89,164,179,0
hw1_dataset/train/000000000444.jpg 195,0,302,182,0 118,0,188,165,0 354,110,480,266,0 401,471,514,622,4 137,259,190,342,0 211,595,297,672,4 203,363,284,434,0 32,370,89,439,0 0,434,45,494,0 34,302,121,359,0 241,340,371,395,0 66,427,122,482,0 1,372,60,421,0 87,357,156,398,0 160,299,235,335,0 192,268,254,303,0
hw1_dataset/train/000000000445.jpg 210,527,425,649,4 45,129,369,234,4 473,394,611,473,0 425,386,580,462,0 478,535,546,618,0
hw1_dataset/train/000000000446.jpg 305,76,529,193,4 7,56,128,142,4 467,426,635,508,6 447,0,672,75,0 210,582,334,643,6 515,325,626,376,0 103,0,187,47,0 210,7,272,53,0 289,420,443,465,0 57,303,172,346,0 338,26,397,66,0 271,63,338,103,0 565,90,650,128,0 718,215,758,252,0 582,157,638,192,4 648,93,718,127,0 715,91,767,124,0 423,190,450,223,0 673,123,751,155,0 411,39,449,71,0 206,350,316,379,4 616,130,678,158,0 535,136,586,164,0 19,0,87,27,0 92,412,181,438,6 403,356,463,377,6 666,222,704,242,0 751,231,768,251,0
hw1_dataset/train/000000000447.jpg 186,522,687,763,4 195,274,713,482,4 491,810,644,911,0 506,587,586,658,0 74,183,220,246,0 277,460,363,521,4 0,200,76,257,0 357,254,489,311,0 184,194,263,247,0 693,273,767,325,0 309,199,430,251,0 417,200,502,249,0 218,238,359,287,0 445,248,535,291,0 0,232,62,274,0 283,173,396,214,0 49,102,148,142,0 456,339,573,378,0
